228
10
2177
1 1 17
1 2 9
1 3 8
1 4 20
1 5 8
1 6 14
1 7 79
1 9 1
1 10 3
2 1 3
2 3 17
2 4 10
2 5 2
2 6 26
2 7 2
2 8 11
2 9 22
2 10 17
3 1 32
3 2 10
3 3 109
3 4 27
3 5 40
3 6 9
3 7 9
3 8 21
3 9 9
3 10 5
4 1 9
4 2 1
4 3 22
4 4 5
4 5 50
4 6 9
4 7 1
4 8 86
4 9 1
4 10 14
5 1 8
5 2 2
5 3 20
5 4 7
5 5 7
5 6 16
5 7 7
5 8 5
5 9 13
5 10 23
6 1 11
6 2 9
6 3 59
6 4 9
6 5 49
6 6 9
6 7 2
6 8 21
6 9 18
6 10 6
7 1 19
7 2 12
7 3 107
7 4 6
7 5 52
7 6 15
7 7 5
7 8 48
7 9 15
7 10 22
8 1 13
8 2 25
8 3 75
8 4 13
8 5 43
8 6 18
8 8 19
8 9 9
8 10 25
9 1 8
9 2 21
9 3 429
9 4 8
9 5 161
9 6 4
9 7 1
9 8 47
9 9 124
9 10 9
10 1 18
10 2 10
10 3 57
10 4 4
10 5 13
10 6 7
10 7 9
10 8 4
10 9 4
10 10 5
11 1 28
11 2 3
11 3 58
11 4 7
11 5 20
11 6 9
11 7 2
11 8 16
11 9 2
11 10 8
12 1 5
12 2 2
12 3 56
12 5 23
12 6 6
12 7 6
12 8 2
12 10 4
13 1 2
13 2 10
13 3 8
13 4 8
13 5 15
13 6 4
13 7 6
13 8 2
13 9 3
13 10 7
14 1 16
14 2 7
14 3 79
14 4 15
14 5 26
14 6 9
14 7 13
14 8 3
14 10 18
15 1 25
15 2 23
15 3 28
15 4 12
15 5 21
15 6 52
15 7 8
15 8 195
15 9 19
15 10 32
16 1 73
16 2 14
16 3 11
16 4 21
16 5 50
16 6 13
16 7 1
16 8 40
16 9 4
16 10 20
17 1 71
17 2 17
17 3 11
17 4 19
17 5 51
17 6 14
17 7 3
17 8 36
17 9 4
17 10 21
18 1 1
18 2 12
18 3 74
18 4 14
18 5 103
18 6 11
18 7 6
18 8 8
18 9 4
18 10 45
19 1 39
19 2 12
19 3 138
19 4 12
19 5 35
19 6 4
19 7 9
19 8 13
19 9 5
19 10 19
20 1 9
20 2 2
20 3 49
20 4 4
20 5 5
20 6 8
20 7 6
20 8 2
20 9 1
20 10 7
21 1 11
21 2 7
21 3 48
21 4 21
21 5 55
21 6 6
21 7 2
21 8 21
21 9 1
21 10 17
22 2 1
22 4 1
22 5 1
22 10 2
23 1 76
23 2 7
23 3 112
23 4 15
23 5 81
23 6 39
23 7 10
23 8 25
23 9 4
23 10 30
24 1 26
24 2 71
24 3 259
24 4 47
24 5 87
24 6 89
24 7 58
24 8 122
24 9 1162
24 10 59
25 1 22
25 2 2
25 3 142
25 4 29
25 5 26
25 6 8
25 7 4
25 8 5
25 9 3
25 10 18
26 1 12
26 2 12
26 3 19
26 4 14
26 5 20
26 6 10
26 7 1
26 8 244
26 9 28
26 10 12
27 1 44
27 2 7
27 3 72
27 4 15
27 5 82
27 6 6
27 7 22
27 8 14
27 9 2
27 10 9
28 1 21
28 2 2
28 3 34
28 4 4
28 5 12
28 6 2
28 7 13
28 8 2
28 9 2
28 10 2
29 1 21
29 2 24
29 3 11
29 4 13
29 5 11
29 6 51
29 7 7
29 8 7
29 9 78
29 10 2
30 1 18
30 2 21
30 3 12
30 4 14
30 5 9
30 6 51
30 7 8
30 8 12
30 9 79
30 10 1
31 1 22
31 2 18
31 3 10
31 4 23
31 5 36
31 6 44
31 7 18
31 8 19
31 9 2
31 10 89
32 1 24
32 2 23
32 3 12
32 4 22
32 5 34
32 6 46
32 7 16
32 8 20
32 10 84
33 1 16
33 2 35
33 3 4
33 4 3
33 5 55
33 6 20
33 7 2
33 8 13
33 10 13
34 1 17
34 2 29
34 3 5
34 4 4
34 5 57
34 6 18
34 7 1
34 8 17
34 10 13
35 1 19
35 2 5
35 3 1
35 4 12
35 5 7
35 6 61
35 7 1
35 8 15
35 9 6
35 10 64
36 1 17
36 2 4
36 3 2
36 4 8
36 5 11
36 6 58
36 8 20
36 9 6
36 10 65
37 3 1
37 4 104
37 6 15
37 7 2
37 8 27
37 9 3
37 10 8
38 2 2
38 4 106
38 6 12
38 7 2
38 8 25
38 9 3
38 10 10
39 1 8
39 2 138
39 3 16
39 4 4
39 5 15
39 6 5
39 7 6
39 8 5
39 10 61
40 1 7
40 2 132
40 3 15
40 4 6
40 5 15
40 6 5
40 7 6
40 8 8
40 9 1
40 10 63
41 1 11
41 2 32
41 3 4
41 4 18
41 5 11
41 6 69
41 7 4
41 8 5
41 9 2
41 10 132
42 1 9
42 2 35
42 3 6
42 4 17
42 5 10
42 6 71
42 7 4
42 8 5
42 9 3
42 10 128
43 1 9
43 2 40
43 3 2
43 4 2
43 5 2
43 6 23
43 7 1
43 8 6
43 9 3
43 10 50
44 1 10
44 2 42
44 3 2
44 4 1
44 5 4
44 6 20
44 7 3
44 8 7
44 9 3
44 10 46
45 1 16
45 2 122
45 3 11
45 4 9
45 5 2
45 6 30
45 7 12
45 8 28
45 9 7
45 10 28
46 1 17
46 2 120
46 3 11
46 4 9
46 5 4
46 6 33
46 7 8
46 8 27
46 9 6
46 10 30
47 1 10
47 2 52
47 4 5
47 5 4
47 6 7
47 7 9
47 8 5
47 9 1
47 10 21
48 1 10
48 2 50
48 4 6
48 5 5
48 6 4
48 7 8
48 8 6
48 9 1
48 10 24
49 2 94
49 3 29
49 4 4
49 5 16
49 6 12
49 8 5
49 9 3
49 10 48
50 1 1
50 2 85
50 3 34
50 4 5
50 5 13
50 6 10
50 7 1
50 8 8
50 9 7
50 10 47
51 1 5
51 2 71
51 3 20
51 4 4
51 5 4
51 6 20
51 7 3
51 8 4
51 9 2
51 10 17
52 1 6
52 2 73
52 3 21
52 4 5
52 5 7
52 6 13
52 7 4
52 8 4
52 10 17
53 1 1
53 2 236
53 5 1
53 6 1
53 7 1
53 10 25
54 2 235
54 9 3
54 10 27
55 1 3
55 2 84
55 3 3
55 4 4
55 5 2
55 6 7
55 7 3
55 8 8
55 9 1
55 10 6
56 1 42
56 2 134
56 3 116
56 4 40
56 5 59
56 6 48
56 7 5
56 8 81
56 9 96
56 10 73
57 1 13
57 2 7
57 3 13
57 4 11
57 5 4
57 6 201
57 7 7
57 8 11
57 9 1
57 10 28
58 1 18
58 2 4
58 3 10
58 4 11
58 5 5
58 6 199
58 7 8
58 8 13
58 9 2
58 10 26
59 1 31
59 2 9
59 3 5
59 4 3
59 5 1
59 6 81
59 7 10
59 8 11
59 9 3
59 10 4
60 1 27
60 2 8
60 3 6
60 4 5
60 5 3
60 6 81
60 7 7
60 8 12
60 9 4
60 10 5
61 1 8
61 2 64
61 3 44
61 4 22
61 5 12
61 6 38
61 7 1
61 8 5
61 9 17
61 10 45
62 1 12
62 2 260
62 3 75
62 4 52
62 5 28
62 6 110
62 7 6
62 8 24
62 9 155
62 10 116
63 1 44
63 2 56
63 3 34
63 4 7
63 5 4
63 6 13
63 8 9
63 9 10
63 10 26
64 1 25
64 2 6
64 3 18
64 4 30
64 5 20
64 6 144
64 7 12
64 8 8
64 10 11
65 1 28
65 2 7
65 3 16
65 4 8
65 5 13
65 6 148
65 7 12
65 8 8
65 9 2
65 10 4
66 1 10
66 2 23
66 3 9
66 4 7
66 5 2
66 6 121
66 7 15
66 8 12
66 9 4
66 10 7
67 1 26
67 2 15
67 3 20
67 4 8
67 5 14
67 6 131
67 7 12
67 8 21
67 9 7
67 10 35
68 1 8
68 2 16
68 3 13
68 4 13
68 5 9
68 6 55
68 7 3
68 8 14
68 9 3
68 10 26
69 1 1
69 2 234
69 6 1
69 7 2
69 10 27
70 1 1
70 2 235
70 3 1
70 5 1
70 7 1
70 8 1
70 9 3
70 10 22
71 1 3
71 2 86
71 3 5
71 4 4
71 5 1
71 6 5
71 8 12
71 10 5
72 1 3
72 2 85
72 3 2
72 4 5
72 6 7
72 7 1
72 8 9
72 9 1
72 10 8
73 1 29
73 2 21
73 3 5
73 4 23
73 5 25
73 6 52
73 7 1
73 8 28
73 9 108
73 10 12
74 1 17
74 2 14
74 3 13
74 4 8
74 5 13
74 6 6
74 7 7
74 8 2
74 9 4
74 10 54
75 1 32
75 2 3
75 3 2
75 4 59
75 5 7
75 6 7
75 7 69
75 8 9
75 9 8
75 10 6
76 1 41
76 2 10
76 3 4
76 4 79
76 5 7
76 6 19
76 7 148
76 8 8
76 9 7
76 10 9
77 1 38
77 2 4
77 3 3
77 4 45
77 6 9
77 7 76
77 9 6
77 10 2
78 1 25
78 2 9
78 3 8
78 4 169
78 5 13
78 6 10
78 7 239
78 8 11
78 9 9
78 10 27
79 1 22
79 2 1
79 3 7
79 4 39
79 5 1
79 6 4
79 7 63
79 8 2
79 9 6
79 10 2
80 1 20
80 2 8
80 3 7
80 4 51
80 5 10
80 6 7
80 7 96
80 8 1
80 9 2
80 10 2
81 1 19
81 2 3
81 3 5
81 4 46
81 5 5
81 6 4
81 7 63
81 8 7
81 9 4
81 10 4
82 1 23
82 2 1
82 3 1
82 4 25
82 5 3
82 6 4
82 7 36
82 8 4
82 9 2
82 10 9
83 1 17
83 2 5
83 3 1
83 4 42
83 5 2
83 6 9
83 7 62
83 8 6
83 9 5
83 10 4
84 1 45
84 2 1
84 3 7
84 4 9
84 5 3
84 6 10
84 7 16
84 8 5
84 9 4
84 10 25
85 1 22
85 2 3
85 3 5
85 4 34
85 5 4
85 6 12
85 7 65
85 8 3
85 9 8
85 10 15
86 1 20
86 2 2
86 3 8
86 4 35
86 5 2
86 6 1
86 7 84
86 8 3
86 9 2
86 10 9
87 1 62
87 2 22
87 3 24
87 4 31
87 5 10
87 6 189
87 7 16
87 8 5
87 9 17
87 10 28
88 1 64
88 2 20
88 3 30
88 4 23
88 5 11
88 6 188
88 7 13
88 8 4
88 9 16
88 10 34
89 1 41
89 2 49
89 3 24
89 4 110
89 5 39
89 6 185
89 7 46
89 8 60
89 9 616
89 10 67
90 1 19
90 2 8
90 3 12
90 4 22
90 5 20
90 6 52
90 7 2
90 8 145
90 9 14
90 10 24
91 1 15
91 2 95
91 3 5
91 4 15
91 5 36
91 6 6
91 7 8
91 8 12
91 9 13
91 10 7
92 1 90
92 2 21
92 3 10
92 4 13
92 5 12
92 6 27
92 7 14
92 8 11
92 9 10
92 10 35
93 1 120
93 2 9
93 3 20
93 4 11
93 5 20
93 6 17
93 7 21
93 8 2
93 9 1
93 10 23
94 1 7
94 2 59
94 3 5
94 4 5
94 5 13
94 6 59
94 7 2
94 8 11
94 9 87
94 10 4
95 1 2
95 2 25
95 4 11
95 5 7
95 6 14
95 7 1
95 8 9
95 9 24
95 10 3
96 1 19
96 2 4
96 3 6
96 4 88
96 5 5
96 6 20
96 7 65
96 8 11
96 9 7
96 10 2
97 1 24
97 2 20
97 3 63
97 4 19
97 5 36
97 6 6
97 7 13
97 8 48
97 10 25
98 1 28
98 2 18
98 3 30
98 4 24
98 5 47
98 6 18
98 7 7
98 8 80
98 9 5
98 10 4
99 1 29
99 2 7
99 3 74
99 4 32
99 5 11
99 6 14
99 7 8
99 8 9
99 9 2
99 10 23
100 1 18
100 2 11
100 3 36
100 4 13
100 5 20
100 6 47
100 7 9
100 8 31
100 9 212
100 10 13
101 1 33
101 3 156
101 4 7
101 5 5
101 6 21
101 7 6
101 8 9
101 9 2
101 10 6
102 1 3
102 2 1
102 3 60
102 4 3
102 5 38
102 6 11
102 7 3
102 8 17
102 9 2
102 10 23
103 2 4
103 5 22
103 7 1
103 8 338
103 10 1
104 2 1
104 5 29
104 7 1
104 8 333
104 9 1
104 10 1
105 1 26
105 2 36
105 3 14
105 4 8
105 5 29
105 6 47
105 7 8
105 8 78
105 9 6
105 10 23
106 1 5
106 2 17
106 3 1
106 4 1
106 5 6
106 6 16
106 7 5
106 8 29
106 9 4
106 10 9
107 1 41
107 2 7
107 3 20
107 4 18
107 5 9
107 6 26
107 7 9
107 8 12
107 9 12
107 10 24
108 1 15
108 2 39
108 3 3
108 4 4
108 5 51
108 6 63
108 7 7
108 8 15
108 9 2
108 10 20
109 1 21
109 2 21
109 3 20
109 4 14
109 5 28
109 6 18
109 7 4
109 8 11
109 9 92
109 10 38
110 1 23
110 2 19
110 3 2
110 4 2
110 5 6
110 6 9
110 7 2
110 8 8
110 9 34
110 10 16
111 1 26
111 2 20
111 3 40
111 4 12
111 5 23
111 6 11
111 7 2
111 8 7
111 9 6
111 10 20
112 1 14
112 2 15
112 3 35
112 4 6
112 5 22
112 6 9
112 7 7
112 8 2
112 9 1
112 10 20
113 1 12
113 2 20
113 3 11
113 4 6
113 5 13
113 6 43
113 7 6
113 8 13
113 9 72
113 10 8
114 1 23
114 2 3
114 3 69
114 4 10
114 5 69
114 6 1
114 7 1
114 8 3
114 9 7
114 10 2
115 1 13
115 3 12
115 4 15
115 5 21
115 6 20
115 7 8
115 8 10
115 9 3
115 10 90
116 1 15
116 2 9
116 3 3
116 4 15
116 5 7
116 6 30
116 8 3
116 9 7
116 10 120
117 1 2
117 3 4
117 4 128
117 5 14
117 6 4
117 7 75
117 9 10
117 10 2
118 1 11
118 2 57
118 3 28
118 4 18
118 5 20
118 6 22
118 7 6
118 8 5
118 9 9
118 10 31
119 1 16
119 2 4
119 3 81
119 4 5
119 5 37
119 6 8
119 7 4
119 8 12
119 9 10
119 10 23
120 1 16
120 2 1
120 3 55
120 4 25
120 5 45
120 6 17
120 7 11
120 8 4
120 9 3
120 10 19
121 1 4
121 2 2
121 3 6
121 4 2
121 5 9
121 6 4
121 7 3
121 8 23
121 9 2
122 1 13
122 2 1
122 3 5
122 4 12
122 5 60
122 6 95
122 7 42
122 8 65
122 9 18
122 10 37
123 1 1
123 5 22
123 7 1
123 8 341
123 10 1
124 1 8
124 2 2
124 3 38
124 4 6
124 5 10
124 6 5
124 7 4
124 8 6
124 9 3
124 10 6
125 1 12
125 2 8
125 3 36
125 4 1
125 5 30
125 6 1
125 7 1
125 8 10
125 9 1
125 10 1
126 1 25
126 2 14
126 3 108
126 4 5
126 5 51
126 6 3
126 7 9
126 8 17
126 9 3
126 10 17
127 1 48
127 2 6
127 3 10
127 4 45
127 5 11
127 6 18
127 7 101
127 8 5
127 9 2
127 10 11
128 1 9
128 2 2
128 3 31
128 4 11
128 5 74
128 6 12
128 7 6
128 8 32
128 9 3
128 10 13
129 1 29
129 2 31
129 3 21
129 4 63
129 5 33
129 6 26
129 7 87
129 8 7
129 9 4
129 10 58
130 1 40
130 2 4
130 3 158
130 4 3
130 5 6
130 6 23
130 7 5
130 8 11
130 9 20
130 10 10
131 1 14
131 2 21
131 3 30
131 5 19
131 6 50
131 7 7
131 8 21
131 9 80
131 10 5
132 1 10
132 2 7
132 3 62
132 4 9
132 5 11
132 6 9
132 7 2
132 9 3
132 10 12
133 1 2
133 2 6
133 3 12
133 4 11
133 5 40
133 6 17
133 7 6
133 8 6
133 9 7
133 10 9
134 1 17
134 2 43
134 3 9
134 4 10
134 5 37
134 6 17
134 7 2
134 8 5
134 9 64
134 10 9
135 1 10
135 2 36
135 3 12
135 4 17
135 5 39
135 6 7
135 7 10
135 8 5
135 9 83
135 10 5
136 1 22
136 2 45
136 3 5
136 4 32
136 5 9
136 6 15
136 7 47
136 8 5
136 9 16
136 10 19
137 1 25
137 2 3
137 3 5
137 4 18
137 5 9
137 6 4
137 7 74
137 8 8
137 10 4
138 1 27
138 2 8
138 3 33
138 4 64
138 5 3
138 6 9
138 7 192
138 8 3
138 9 7
138 10 34
139 1 1
139 2 2
139 3 7
139 4 24
139 5 4
139 7 53
139 8 3
139 10 5
140 1 9
140 2 7
140 3 18
140 4 13
140 5 72
140 6 7
140 7 2
140 8 5
140 9 3
140 10 10
141 1 14
141 2 11
141 3 5
141 4 9
141 5 14
141 6 22
141 8 174
141 9 9
141 10 5
142 1 15
142 2 11
142 3 3
142 4 9
142 5 16
142 6 26
142 7 1
142 8 170
142 9 11
142 10 1
143 1 6
143 2 115
143 3 19
143 4 26
143 5 29
143 6 35
143 7 6
143 8 18
143 9 23
143 10 8
144 1 17
144 2 5
144 3 9
144 4 91
144 5 12
144 6 5
144 7 165
144 8 3
144 9 3
144 10 35
145 1 11
145 2 3
145 3 5
145 4 29
145 5 2
145 6 4
145 7 38
145 8 4
145 9 1
145 10 11
146 1 19
146 2 18
146 3 65
146 4 8
146 5 37
146 6 13
146 7 1
146 8 11
146 9 2
146 10 25
147 1 53
147 2 70
147 3 18
147 4 12
147 5 20
147 6 11
147 7 5
147 8 7
147 9 2
147 10 10
148 1 22
148 2 26
148 3 15
148 4 9
148 5 16
148 6 4
148 7 3
148 8 4
148 9 3
148 10 5
149 1 34
149 3 153
149 4 5
149 5 5
149 6 25
149 7 5
149 8 11
149 9 3
149 10 5
150 2 3
150 3 3
150 4 33
150 5 8
150 6 7
150 7 71
150 8 6
150 9 142
150 10 4
151 1 34
151 2 16
151 3 26
151 4 5
151 5 16
151 6 46
151 7 5
151 8 9
151 9 17
151 10 116
152 1 2
152 2 4
152 3 4
152 4 4
152 5 6
152 6 12
152 7 11
152 8 3
152 9 5
152 10 37
153 1 48
153 2 13
153 3 9
153 4 17
153 5 22
153 6 2
153 7 58
153 8 2
153 9 35
153 10 165
154 1 42
154 2 2
154 3 58
154 4 10
154 5 12
154 6 13
154 7 4
154 8 5
154 9 1
154 10 57
155 1 105
155 2 10
155 3 22
155 4 17
155 5 10
155 6 10
155 7 15
155 8 1
155 9 16
155 10 6
156 1 6
156 2 14
156 3 4
156 4 8
156 5 7
156 6 42
156 7 3
156 8 9
156 9 78
156 10 4
157 1 5
157 2 2
157 3 8
157 4 19
157 5 42
157 6 19
157 7 6
157 8 18
157 9 6
157 10 8
158 1 13
158 2 5
158 3 8
158 4 14
158 5 64
158 6 24
158 7 10
158 8 9
158 9 4
158 10 11
159 1 3
159 2 10
159 3 19
159 4 10
159 5 20
159 6 25
159 7 7
159 8 28
159 9 7
159 10 16
160 1 13
160 2 6
160 3 2
160 4 4
160 5 123
160 6 33
160 7 17
160 8 12
160 9 3
160 10 5
161 1 5
161 2 4
161 3 4
161 4 8
161 5 158
161 6 58
161 7 6
161 8 26
161 9 10
161 10 22
162 1 28
162 2 5
162 3 13
162 4 117
162 5 9
162 6 21
162 7 25
162 8 4
162 9 1
162 10 11
163 1 45
163 2 14
163 3 25
163 4 25
163 5 7
163 6 14
163 7 6
163 8 16
163 9 4
163 10 12
164 1 26
164 2 3
164 3 22
164 4 68
164 5 19
164 6 33
164 7 106
164 8 8
164 9 6
164 10 25
165 1 14
165 2 5
165 3 4
165 4 31
165 5 11
165 6 19
165 7 33
165 8 5
165 9 8
165 10 12
166 1 1
166 2 1
166 4 2
166 5 35
166 6 4
166 8 370
166 10 3
167 3 2
167 4 2
167 5 32
167 6 3
167 8 373
167 9 1
167 10 3
168 1 35
168 2 17
168 3 30
168 4 23
168 5 26
168 6 32
168 7 2
168 8 124
168 9 7
168 10 33
169 1 22
169 2 2
169 3 78
169 4 8
169 5 21
169 6 41
169 7 13
169 8 118
169 9 392
169 10 18
170 1 63
170 2 8
170 3 91
170 4 12
170 5 3
170 6 40
170 7 131
170 8 227
170 9 487
170 10 25
171 1 14
171 2 13
171 3 108
171 4 6
171 5 61
171 6 3
171 7 9
171 9 10
171 10 13
172 1 37
172 2 23
172 3 33
172 4 62
172 5 9
172 6 158
172 7 6
172 8 50
172 9 87
172 10 55
173 1 28
173 2 61
173 3 6
173 4 29
173 5 49
173 6 147
173 7 3
173 8 31
173 9 201
173 10 12
174 1 11
174 2 13
174 3 4
174 4 41
174 5 5
174 6 8
174 7 69
174 8 2
174 9 10
174 10 7
175 1 20
175 2 14
175 3 25
175 4 23
175 5 70
175 6 47
175 7 6
175 8 227
175 9 7
175 10 14
176 1 30
176 2 60
176 3 11
176 4 26
176 5 54
176 6 138
176 7 2
176 8 19
176 9 212
176 10 15
177 1 8
177 2 60
177 3 8
177 4 7
177 5 13
177 6 54
177 7 2
177 8 12
177 9 84
177 10 4
178 1 4
178 2 27
178 3 4
178 4 8
178 5 4
178 6 11
178 7 2
178 8 12
178 9 22
178 10 2
179 1 33
179 2 18
179 3 18
179 4 86
179 5 29
179 6 52
179 7 153
179 8 16
179 9 10
179 10 40
180 1 6
180 2 2
180 3 10
180 4 27
180 5 9
180 6 10
180 7 28
180 8 7
180 9 4
180 10 22
181 1 37
181 2 5
181 3 7
181 4 22
181 5 16
181 6 107
181 7 5
181 8 17
181 9 4
181 10 10
182 2 17
182 3 28
182 4 19
182 5 75
182 6 6
182 7 3
182 8 18
182 9 1
182 10 25
183 1 11
183 2 10
183 3 4
183 4 36
183 5 12
183 6 107
183 7 73
183 8 7
183 9 2
183 10 14
184 1 8
184 2 3
184 3 2
184 4 28
184 5 2
184 6 4
184 7 69
184 8 1
184 9 4
184 10 24
185 1 26
185 3 8
185 4 13
185 5 6
185 6 1
185 7 105
185 8 1
185 9 7
185 10 11
186 1 30
186 2 6
186 3 7
186 4 123
186 5 8
186 6 6
186 7 167
186 8 4
186 10 2
187 1 30
187 2 4
187 3 11
187 4 51
187 5 4
187 6 22
187 7 264
187 8 5
187 9 7
187 10 18
188 1 9
188 2 8
188 3 85
188 4 13
188 5 22
188 6 19
188 7 15
188 8 13
188 9 27
188 10 11
189 1 31
189 2 9
189 3 4
189 4 65
189 5 6
189 6 6
189 7 118
189 8 7
189 9 10
189 10 15
190 1 29
190 2 2
190 3 67
190 4 9
190 5 73
190 6 4
190 8 3
190 9 2
190 10 5
191 1 111
191 2 8
191 3 35
191 4 6
191 5 17
191 6 24
191 7 47
191 8 8
191 9 70
191 10 34
192 1 55
192 2 2
192 3 17
192 4 17
192 5 16
192 6 13
192 7 140
192 8 13
192 9 7
192 10 14
193 1 80
193 2 6
193 3 21
193 4 49
193 5 12
193 6 21
193 7 205
193 8 1
193 9 6
193 10 28
194 1 39
194 2 14
194 3 11
194 4 25
194 5 19
194 6 3
194 7 44
194 8 2
194 9 29
194 10 116
195 1 18
195 2 1
195 3 3
195 4 3
195 5 6
195 7 24
195 8 2
195 9 7
195 10 54
196 1 27
196 2 4
196 3 12
196 4 24
196 5 91
196 6 72
196 7 63
196 8 38
196 9 50
196 10 85
197 1 31
197 2 10
197 3 23
197 4 15
197 5 37
197 6 40
197 7 18
197 8 183
197 9 4
197 10 7
198 1 180
198 2 6
198 3 40
198 4 35
198 5 21
198 6 43
198 7 372
198 8 22
198 9 4
198 10 26
199 1 96
199 2 9
199 3 27
199 4 13
199 5 20
199 6 8
199 7 163
199 8 4
199 9 9
199 10 24
200 1 77
200 2 13
200 3 47
200 4 12
200 5 45
200 6 26
200 7 191
200 8 14
200 9 31
200 10 34
201 1 78
201 2 37
201 3 35
201 4 185
201 5 74
201 6 55
201 7 98
201 8 19
201 9 20
201 10 95
202 1 46
202 2 12
202 3 13
202 4 122
202 5 12
202 6 27
202 7 80
202 8 9
202 9 10
202 10 18
203 1 112
203 2 13
203 3 10
203 4 143
203 5 40
203 6 54
203 7 352
203 8 1
203 9 12
203 10 41
204 1 15
204 2 5
204 3 3
204 4 108
204 5 24
204 6 20
204 7 28
204 8 12
204 9 9
204 10 26
205 1 79
205 2 8
205 3 17
205 4 71
205 5 14
205 6 22
205 7 141
205 8 16
205 9 6
205 10 30
206 1 77
206 2 9
206 3 27
206 4 133
206 5 16
206 6 38
206 7 207
206 8 13
206 9 11
206 10 41
207 1 19
207 2 1
207 3 32
207 4 68
207 5 7
207 6 11
207 7 97
207 8 3
207 9 8
207 10 29
208 1 52
208 2 1
208 3 3
208 4 121
208 5 12
208 6 28
208 7 199
208 8 7
208 9 11
208 10 27
209 1 48
209 2 4
209 3 9
209 4 22
209 5 9
209 6 13
209 7 94
209 8 10
209 9 1
209 10 3
210 1 41
210 2 7
210 3 8
210 4 43
210 5 9
210 6 13
210 7 161
210 8 9
210 9 1
210 10 7
211 1 49
211 2 6
211 3 6
211 4 82
211 5 10
211 6 6
211 7 144
211 8 1
211 9 8
212 1 39
212 2 2
212 3 3
212 4 21
212 5 9
212 6 9
212 7 159
212 8 7
212 9 2
212 10 5
213 1 18
213 2 2
213 3 6
213 4 67
213 5 4
213 6 3
213 7 43
213 8 4
213 9 3
213 10 1
214 1 23
214 2 24
214 3 20
214 4 12
214 5 21
214 6 64
214 7 2
214 8 33
214 9 19
214 10 237
215 1 390
215 2 14
215 3 10
215 4 41
215 5 15
215 6 29
215 7 110
215 8 6
215 9 4
215 10 14
216 1 32
216 2 1
216 3 1
216 4 4
216 5 3
216 6 5
216 7 106
216 8 10
216 9 2
216 10 4
217 1 24
217 2 5
217 3 13
217 4 27
217 5 4
217 6 7
217 7 188
217 8 9
217 10 8
218 1 133
218 2 1
218 3 13
218 4 34
218 6 25
218 7 102
218 8 9
218 9 7
218 10 11
219 1 20
219 2 4
219 3 3
219 4 16
219 5 5
219 6 5
219 7 73
219 8 10
219 9 4
219 10 6
220 1 9
220 2 15
220 3 6
220 4 5
220 5 4
220 6 104
220 7 3
220 8 10
220 9 17
220 10 18
221 1 29
221 3 4
221 4 10
221 5 2
221 6 30
221 7 60
221 8 6
221 9 6
221 10 79
222 1 16
222 2 8
222 3 10
222 4 6
222 5 11
222 6 2
222 7 7
222 8 2
222 9 11
222 10 54
223 1 20
223 2 6
223 3 6
223 4 16
223 7 3
223 8 8
223 9 4
223 10 70
224 1 13
224 2 1
224 3 6
224 4 8
224 6 4
224 7 5
224 8 5
224 9 4
224 10 96
225 1 34
225 2 7
225 3 17
225 4 25
225 6 2
225 7 6
225 8 9
225 9 9
225 10 162
226 1 8
226 2 16
226 3 14
226 4 11
226 5 9
226 6 12
226 7 1
226 8 7
226 9 8
226 10 60
227 1 13
227 2 3
227 3 34
227 4 5
227 5 5
227 6 5
227 7 2
227 8 2
227 9 7
227 10 49
228 1 56
228 2 49
228 3 73
228 4 30
228 5 20
228 6 18
228 7 10
228 8 22
228 9 46
228 10 162
