2130
10
3215
1 3 65
1 10 121
2 9 19
3 4 1
3 9 23
4 1 47
4 2 19
4 8 13
5 7 9
5 8 10
6 3 18
7 2 10
8 9 9
8 10 1
9 2 11
9 7 1
10 3 7
10 4 4
10 10 1
11 1 13
12 2 8
12 9 4
13 9 13
14 6 15
15 2 10
16 2 38
17 10 26
18 1 10
18 6 24
19 10 30
20 10 48
21 3 39
21 4 36
22 9 14
23 3 8
23 5 16
24 3 134
24 8 162
25 3 12
26 9 10
27 10 23
28 9 23
29 3 10
29 4 7
30 9 22
31 9 20
32 5 4
32 7 8
32 10 10
33 5 18
34 9 17
35 9 12
36 3 18
36 4 25
37 9 14
38 9 10
39 9 16
40 5 8
40 9 3
41 9 16
42 6 10
43 3 12
44 4 16
45 1 36
45 8 14
46 1 2
46 2 8
47 2 7
47 4 3
48 2 15
48 5 34
49 4 49
50 2 8
50 7 3
51 1 19
51 6 8
52 9 13
53 2 14
53 7 9
54 10 14
55 3 12
56 3 16
57 4 11
58 4 11
58 9 14
59 2 28
59 5 8
59 8 6
60 5 10
61 4 24
62 4 31
63 5 6
63 7 4
64 6 9
64 8 30
65 9 13
66 4 8
66 9 6
67 6 11
68 1 7
68 4 1
68 10 5
69 6 10
70 3 13
71 6 5
71 8 10
72 8 14
73 5 10
74 6 10
75 2 38
75 9 13
76 10 13
77 5 15
77 7 5
78 1 25
78 9 21
79 8 21
80 4 7
80 8 15
81 4 44
82 2 59
82 4 24
82 7 16
83 2 11
83 6 9
84 4 12
85 3 16
85 5 3
85 7 8
85 8 23
86 10 10
87 5 62
87 8 19
88 8 23
89 5 17
90 8 12
91 6 5
91 9 8
92 2 42
93 2 15
94 4 11
95 6 14
96 2 6
96 7 8
97 10 11
98 2 23
98 7 27
99 8 3
99 9 8
100 4 51
100 10 37
101 6 1
101 8 2
101 9 3
101 10 211
102 3 11
103 6 27
104 9 14
104 10 33
105 6 33
106 2 10
107 2 34
107 10 3
108 1 11
109 7 30
109 10 26
110 2 8
110 9 6
111 3 10
111 7 4
112 5 16
113 3 4
113 9 9
114 1 27
115 3 10
116 4 10
117 3 16
118 8 15
119 5 15
119 8 10
120 7 14
121 8 22
122 4 3
122 10 10
123 10 22
124 10 18
125 10 19
126 2 2
126 9 9
126 10 35
127 5 10
127 6 2
128 2 13
128 4 15
128 5 1
129 7 14
130 2 10
131 2 1
131 4 29
131 10 18
132 7 42
133 4 4
133 5 7
133 7 8
134 3 2
134 5 16
135 2 24
136 9 13
137 1 1
137 5 4
137 10 5
138 2 16
138 6 1
138 10 1
139 3 37
140 2 16
140 3 22
141 9 47
142 1 9
142 8 1
143 4 50
144 4 10
145 7 28
146 4 27
146 8 1
147 7 17
147 10 1
148 7 7
148 9 7
149 1 6
149 9 60
150 5 10
150 9 19
151 7 12
152 7 11
153 5 6
153 7 9
154 6 25
154 9 22
155 3 13
156 6 16
157 10 15
158 10 18
159 5 13
159 8 7
160 5 30
161 9 7
161 10 6
162 3 3
162 8 7
163 5 17
164 7 14
164 10 8
165 8 20
166 1 2
166 8 10
167 9 23
168 1 13
169 5 11
170 6 10
171 8 30
172 9 15
173 7 14
173 9 6
173 10 29
174 3 42
174 7 20
175 4 4
175 7 4
175 8 22
176 3 10
177 3 16
178 8 23
178 10 18
179 4 10
180 6 11
181 10 10
182 10 12
183 2 13
184 7 40
185 8 38
185 9 13
186 1 1
186 10 9
187 7 31
188 4 22
189 4 35
190 3 16
190 7 2
190 9 1
191 7 11
192 9 54
193 4 19
194 7 36
195 2 5
195 4 7
196 1 25
196 5 17
196 10 45
197 1 7
197 5 54
198 2 4
198 3 30
198 10 8
199 1 5
199 2 5
200 10 13
201 9 10
202 2 14
203 7 16
204 1 1
204 2 12
205 2 10
205 4 14
205 6 39
206 4 15
206 9 4
207 6 8
207 7 5
208 3 12
209 3 11
210 6 14
211 1 16
212 4 12
213 1 75
213 4 56
213 6 17
214 5 16
215 5 16
215 6 7
215 8 10
216 4 34
216 6 26
216 8 13
217 6 6
217 8 48
218 1 15
219 2 4
219 10 11
220 10 19
221 2 2
221 3 12
221 7 10
222 3 39
223 3 20
223 5 1
224 2 12
225 3 14
225 4 11
226 6 13
227 4 23
228 5 1
228 9 22
229 7 26
230 1 10
231 2 1
231 3 14
231 9 1
232 6 13
233 2 12
234 10 64
235 2 43
236 5 21
237 9 23
238 10 12
239 9 43
240 7 36
240 8 12
240 9 3
241 7 57
241 9 1
242 7 84
243 1 12
243 3 1
243 10 15
244 6 74
245 9 4
245 10 7
246 6 13
247 2 12
247 6 7
247 7 16
248 7 14
249 1 43
250 3 8
250 9 12
251 10 14
252 2 10
253 2 1
253 3 4
253 4 10
254 3 19
255 2 3
255 7 12
256 3 13
256 10 14
257 1 18
258 1 26
258 3 11
259 7 56
260 1 15
261 4 22
262 7 11
263 9 52
264 7 12
265 8 26
266 1 1
266 4 13
266 6 7
267 5 19
267 8 11
267 10 50
268 10 19
269 1 8
269 4 9
270 2 12
271 4 10
272 2 46
273 10 11
274 5 39
275 6 36
276 6 30
276 8 47
276 9 38
277 8 19
278 1 10
279 6 26
280 5 5
280 6 10
281 3 13
281 6 21
282 8 19
283 7 2
283 10 25
284 5 55
284 7 13
284 9 22
285 1 63
285 10 23
286 5 9
286 9 13
287 2 67
288 6 89
289 6 11
290 7 7
290 8 3
291 2 2
291 5 10
292 6 35
293 6 53
294 2 34
295 4 14
296 5 31
297 2 16
298 3 29
299 4 14
300 7 16
300 10 23
301 1 16
301 6 14
302 7 37
303 1 5
303 6 7
304 1 18
304 7 3
305 2 1
305 4 23
306 7 22
307 4 16
308 1 14
309 2 11
310 7 13
311 4 1
311 5 40
311 6 4
312 6 15
313 7 12
314 4 13
315 5 6
315 6 5
316 9 10
317 10 21
318 4 8
318 6 1
318 9 1
319 4 10
320 9 30
321 10 14
322 1 16
323 1 2
323 8 10
324 3 33
325 3 13
326 3 90
327 3 12
328 7 17
329 5 45
329 8 74
330 5 40
331 8 25
331 10 133
332 2 5
332 3 3
332 6 6
333 1 17
333 8 18
334 6 26
335 4 20
336 3 22
336 8 5
337 7 43
338 1 38
339 4 16
340 4 22
340 7 3
340 10 39
341 6 13
342 5 10
343 7 2
343 9 20
344 2 6
344 3 6
344 5 8
344 9 7
345 4 11
345 5 1
346 4 12
346 9 11
347 4 23
348 9 12
349 9 53
350 1 1
350 8 13
351 1 4
351 7 29
352 5 32
352 6 5
352 8 26
353 1 22
354 1 22
354 2 18
354 3 23
355 5 4
355 8 14
356 10 11
357 4 10
358 6 15
359 2 12
360 7 26
360 10 1
361 5 12
362 5 29
363 1 12
363 5 5
364 10 12
365 10 33
366 6 7
366 8 3
367 5 34
368 6 19
369 10 12
370 5 245
371 2 15
372 2 11
373 2 9
373 3 13
374 10 13
375 1 13
376 1 17
376 2 12
377 6 13
377 10 2
378 7 12
379 9 42
380 3 43
380 6 18
381 8 46
382 3 6
382 6 8
382 8 15
382 10 25
383 3 3
383 5 21
384 3 8
384 4 2
384 6 3
385 5 8
385 7 2
385 9 9
386 7 38
387 3 11
388 7 152
389 7 33
390 7 15
391 5 11
392 5 21
393 9 26
394 3 9
394 6 18
394 10 3
395 10 10
396 7 37
396 10 7
397 2 12
398 2 12
399 9 17
400 7 17
401 4 10
402 10 11
403 9 23
403 10 29
404 10 16
405 3 15
405 9 24
406 10 20
407 10 10
408 2 16
408 4 2
408 10 24
409 3 4
409 7 6
410 4 18
410 5 14
411 8 22
412 3 1
412 9 14
413 8 21
414 5 13
415 6 17
415 10 7
416 7 15
417 6 10
418 2 14
419 6 21
420 10 22
421 3 23
422 2 14
423 10 43
424 6 30
425 5 30
425 6 39
426 1 10
426 8 6
427 9 14
428 6 8
428 7 6
429 6 14
430 4 11
430 6 6
431 4 15
432 4 22
433 8 221
434 9 10
435 6 1
435 8 27
436 5 13
437 3 27
438 4 13
438 9 14
439 6 7
439 7 35
440 3 14
440 9 1
441 1 9
441 4 4
442 2 29
442 9 1
443 8 16
444 2 16
445 6 20
446 6 26
447 10 11
448 7 12
449 1 4
449 6 19
450 1 26
451 6 10
452 9 40
453 2 13
453 6 12
453 8 1
454 2 11
455 1 1
455 6 9
456 6 20
457 6 24
457 7 8
457 8 8
457 10 2
458 2 14
458 5 6
458 8 17
459 1 2
459 4 8
460 7 31
461 6 11
462 2 25
462 6 22
462 8 22
463 6 12
464 1 14
465 2 10
465 8 3
466 10 10
467 10 12
468 7 15
469 1 9
469 10 1
470 1 14
471 8 8
471 10 5
472 6 26
473 5 6
473 6 24
474 7 17
475 7 14
476 1 4
476 7 15
477 6 16
477 8 6
478 1 18
479 1 4
479 3 6
480 8 26
480 10 24
481 2 79
481 5 48
481 6 6
482 10 11
483 6 13
484 1 26
485 9 16
486 3 29
487 1 10
487 2 8
488 1 10
488 9 15
489 9 13
489 10 9
490 1 2
490 10 9
491 4 32
492 1 3
492 9 112
493 9 13
494 9 15
495 5 3
495 6 15
496 2 24
497 1 10
498 2 10
499 2 21
500 2 11
501 2 20
502 2 15
503 5 23
504 9 16
505 2 6
505 6 3
505 9 3
506 8 11
507 1 16
507 4 2
508 3 88
509 3 11
510 8 11
511 3 16
512 3 17
513 3 11
514 5 14
515 10 23
516 2 9
516 10 11
517 4 37
518 1 1
518 2 11
518 6 10
519 5 25
520 2 19
520 4 3
520 6 21
521 1 15
522 9 30
523 7 42
523 8 11
524 1 12
525 5 10
526 4 12
527 5 14
528 5 12
529 3 10
530 5 10
531 10 15
532 8 14
533 8 45
534 6 14
535 10 23
536 10 31
537 7 11
537 8 3
538 3 27
539 3 10
539 4 5
539 5 1
540 2 19
540 7 40
541 8 8
541 9 3
542 10 26
543 2 11
544 3 43
544 7 1
544 9 11
545 2 9
545 6 13
545 10 4
546 10 28
547 6 15
548 3 11
548 7 14
549 4 31
550 5 11
551 6 10
552 2 11
552 7 7
553 1 19
553 7 22
553 8 19
554 7 41
555 9 12
556 6 10
557 2 2
557 4 8
558 6 16
559 6 12
560 6 19
561 6 40
562 7 13
563 8 22
563 10 23
564 5 5
564 10 6
565 5 10
566 8 16
566 9 7
567 2 18
568 8 10
569 10 13
570 5 1
570 10 10
571 6 11
572 9 17
573 4 14
573 5 34
574 7 11
575 6 12
575 8 2
575 10 1
576 1 14
576 4 1
576 9 6
577 4 16
578 3 11
579 1 33
579 7 62
580 10 41
581 1 13
582 5 25
583 2 1
583 4 11
584 1 13
584 6 2
585 8 13
586 5 11
587 3 25
588 10 12
589 1 10
590 6 59
591 3 13
592 8 12
593 2 11
594 8 14
595 6 11
596 5 22
597 1 5
597 2 10
598 3 16
599 2 7
599 4 11
599 5 9
600 6 14
601 1 22
601 4 15
602 1 14
603 6 10
604 6 32
605 7 10
606 1 1
606 3 12
607 5 1
607 6 9
608 6 14
609 3 26
610 3 10
611 1 18
611 2 10
612 3 14
613 3 25
614 4 24
615 6 14
616 2 10
616 5 3
617 1 10
617 3 9
618 1 21
618 7 2
618 10 3
619 6 8
619 7 12
620 10 10
621 2 11
621 4 4
622 1 27
623 3 18
624 1 1
624 7 12
625 8 68
626 5 6
626 9 7
627 7 12
628 1 10
628 3 16
628 10 3
629 5 50
629 6 40
629 8 10
629 9 27
630 7 13
631 2 19
632 4 21
632 5 17
633 2 11
633 8 18
633 9 13
634 2 11
634 7 11
634 8 9
635 10 12
636 2 24
637 2 12
638 2 22
638 9 34
639 2 62
640 10 10
641 9 44
642 10 11
643 3 15
643 10 4
644 4 5
644 10 7
645 6 11
646 1 13
646 8 45
647 4 10
648 6 10
649 6 48
650 5 12
650 8 6
651 3 15
652 4 10
653 2 18
653 9 5
654 3 13
655 8 14
656 8 13
657 9 20
658 3 7
658 7 11
659 3 20
659 5 83
659 6 19
659 7 43
660 4 26
661 3 1
661 10 19
662 8 12
663 2 13
664 10 12
665 4 17
666 2 1
666 10 17
667 4 10
667 6 1
668 3 10
669 6 16
670 5 11
671 3 18
672 4 25
672 6 2
673 9 35
674 2 5
674 9 6
675 4 10
676 4 16
676 6 9
677 8 10
678 5 22
678 6 22
679 10 10
680 9 6
680 10 12
681 8 20
681 9 8
682 6 11
683 8 16
684 8 11
685 2 47
686 2 25
686 10 29
687 2 17
687 10 41
688 3 77
689 3 29
690 3 54
690 4 14
690 9 1
691 7 14
692 2 20
693 6 6
693 10 9
694 6 11
695 6 31
696 2 14
697 9 19
698 4 11
699 4 21
700 6 14
701 5 11
701 6 33
702 1 10
702 2 18
703 2 1
703 8 13
704 2 41
704 8 26
705 2 13
706 7 17
707 2 5
707 5 6
708 10 10
709 1 24
710 1 12
710 3 4
711 6 42
711 9 20
712 5 15
713 7 3
713 8 8
714 1 17
714 2 18
714 8 15
715 4 12
716 5 13
716 8 12
717 8 14
718 8 15
719 10 19
720 3 4
720 6 15
720 9 3
721 2 10
721 10 1
722 10 11
723 3 23
724 1 63
725 3 20
726 4 52
727 1 15
728 2 15
729 7 18
730 6 27
731 6 13
732 7 8
732 10 3
733 1 38
734 1 15
735 9 20
736 9 15
737 2 16
737 3 21
737 5 3
738 8 14
739 9 26
740 6 18
741 6 10
742 7 2
742 8 75
743 1 36
743 4 14
744 1 18
744 10 9
745 3 36
745 6 6
746 3 20
747 10 10
748 1 30
749 3 14
750 4 18
751 1 50
752 1 24
753 1 24
754 1 37
755 1 19
756 1 17
757 7 84
757 8 13
758 2 18
758 7 10
758 9 1
759 2 12
760 2 44
761 1 11
761 2 6
762 2 17
762 10 2
763 4 7
763 9 13
764 4 32
764 6 10
765 5 1
765 6 12
766 3 16
767 3 15
767 7 8
768 4 55
769 3 29
769 4 23
770 8 14
770 9 34
771 1 8
771 2 3
771 5 26
771 10 45
772 2 10
772 9 6
773 2 11
774 4 9
774 5 2
775 3 1
775 4 19
776 7 14
776 8 12
777 4 2
777 5 23
777 9 1
778 6 17
779 5 71
780 2 9
780 9 16
781 5 11
782 8 25
783 8 24
784 2 6
784 7 5
784 10 2
785 2 21
786 2 10
787 5 22
788 3 2
788 10 10
789 7 59
790 7 1
790 9 10
791 5 12
792 6 22
793 5 18
794 5 37
795 5 39
795 10 1
796 1 31
797 7 87
797 9 1
798 2 27
798 6 21
799 6 14
800 10 29
801 9 18
802 9 6
802 10 18
803 2 12
804 7 12
805 2 22
805 6 1
806 4 13
807 7 16
808 4 33
809 2 3
809 10 7
810 1 25
810 10 28
811 10 17
812 2 5
812 7 20
813 2 31
814 7 33
814 8 1
815 10 26
816 1 15
816 5 3
817 4 65
817 9 13
818 3 19
819 2 33
820 9 17
821 7 15
822 5 53
822 8 61
822 9 28
823 3 43
824 1 14
825 3 25
825 6 42
826 1 30
827 1 17
828 10 43
829 6 15
830 4 25
830 5 1
830 7 11
830 9 34
831 1 37
832 1 18
833 1 25
834 1 24
835 6 8
835 7 12
836 7 243
837 7 136
838 6 11
839 5 10
839 10 15
840 8 11
841 1 14
842 5 22
843 5 15
844 3 15
845 3 12
846 1 26
846 5 16
846 8 3
847 6 26
847 7 27
848 2 7
848 5 17
849 3 9
849 10 19
850 8 12
851 2 13
852 7 16
852 9 6
852 10 28
853 7 19
854 2 13
854 6 1
855 2 8
855 10 4
856 1 37
856 7 4
856 9 12
857 4 69
858 2 2
858 9 3
858 10 10
859 4 10
860 1 2
860 10 10
861 5 10
862 5 18
863 2 8
863 4 27
864 1 18
865 4 10
866 8 21
867 8 43
868 3 26
868 8 5
869 5 12
869 8 12
870 4 40
870 7 20
871 5 13
872 4 24
872 10 8
873 1 151
873 2 3
874 7 11
875 5 15
876 7 14
877 6 36
878 6 15
878 7 3
879 2 65
879 8 95
880 3 15
881 1 3
881 10 8
882 9 14
883 9 57
884 1 12
885 6 12
886 1 24
886 9 4
887 2 1
887 4 30
888 4 1
888 7 76
889 5 2
889 8 16
889 10 2
890 7 7
890 9 4
891 10 17
892 8 25
893 7 12
894 3 16
894 4 2
894 8 14
895 2 74
895 10 49
896 1 10
896 6 5
897 10 23
898 5 16
899 9 10
899 10 28
900 9 38
901 4 21
902 2 10
903 1 11
904 3 28
905 1 24
905 9 8
906 1 34
906 7 52
907 1 15
908 2 7
908 3 38
908 7 46
908 10 7
909 5 2
909 7 16
910 6 43
911 2 20
911 4 40
912 9 8
912 10 3
913 2 12
913 4 35
914 3 5
914 7 17
914 8 17
915 3 18
915 7 11
916 3 6
916 6 22
916 7 31
917 9 6
917 10 12
918 10 12
919 4 16
920 2 22
921 1 17
922 7 10
923 1 37
923 5 2
923 7 29
924 2 11
925 3 5
925 6 28
926 5 25
927 2 21
927 7 11
928 5 13
929 4 18
930 5 13
931 4 11
931 9 5
932 4 15
933 3 25
933 6 22
934 1 55
935 6 29
935 7 7
936 2 8
936 6 2
937 10 10
938 1 36
938 2 21
938 6 56
938 10 2
939 4 18
940 4 10
941 4 14
942 1 4
942 10 14
943 2 39
944 2 5
944 9 7
945 4 1
945 10 19
946 10 32
947 10 16
948 10 22
949 3 59
949 4 22
950 5 10
950 7 38
951 7 21
952 7 20
953 4 16
954 6 20
954 7 9
955 1 21
956 1 1
956 8 25
957 3 13
958 3 13
959 1 129
959 4 18
960 3 12
961 1 18
962 2 21
962 3 14
963 5 18
964 3 9
964 4 15
965 7 22
965 8 9
966 4 14
967 5 14
968 1 16
968 3 3
969 4 17
970 2 27
971 4 22
972 3 32
973 3 73
973 5 38
973 8 28
974 1 45
974 3 25
974 8 15
975 4 2
975 7 14
976 1 13
977 1 1
977 7 19
978 5 32
978 6 1
979 2 56
980 2 2
980 5 9
981 5 38
982 9 14
983 7 14
984 1 23
985 2 56
986 5 11
987 3 19
987 6 2
988 2 20
988 10 23
989 2 13
990 10 25
991 8 11
991 10 2
992 5 12
993 6 8
993 9 10
994 5 13
995 1 7
995 5 6
996 10 20
997 10 18
998 2 1
998 10 17
999 2 7
999 10 4
1000 6 34
1001 10 10
1002 4 13
1002 9 3
1003 3 10
1003 4 1
1004 8 23
1005 6 15
1006 3 5
1006 4 16
1006 9 20
1007 3 17
1007 6 20
1007 7 26
1008 6 18
1009 2 12
1010 6 10
1010 9 10
1011 2 19
1012 6 11
1013 2 19
1013 9 13
1014 2 36
1015 9 32
1016 2 14
1017 8 33
1018 6 12
1019 6 12
1020 3 1
1020 8 22
1020 9 13
1021 4 13
1021 5 2
1022 4 15
1023 7 22
1024 5 5
1024 9 9
1025 5 2
1025 8 9
1026 4 6
1026 6 37
1027 6 10
1028 4 5
1028 6 6
1029 3 15
1029 5 9
1029 6 14
1029 8 8
1030 8 56
1031 3 11
1032 10 10
1033 10 12
1034 6 27
1035 5 8
1035 10 6
1036 6 22
1037 2 14
1038 3 3
1038 10 11
1039 2 32
1040 3 41
1041 1 26
1042 1 1
1042 5 15
1043 2 5
1043 6 30
1044 9 9
1044 10 8
1045 6 40
1046 2 17
1047 3 10
1048 7 22
1049 1 1
1049 10 26
1050 8 43
1050 9 50
1051 8 15
1052 6 18
1052 9 8
1053 6 8
1053 8 12
1054 7 1
1054 8 8
1054 10 1
1055 7 16
1056 4 14
1057 1 20
1058 5 18
1059 5 11
1060 4 31
1060 8 15
1061 3 10
1062 7 9
1062 10 19
1063 1 75
1063 7 1
1064 7 19
1064 10 4
1065 1 29
1065 8 38
1065 10 41
1066 4 24
1067 1 12
1068 8 3
1068 10 14
1069 4 23
1070 9 38
1071 9 13
1072 1 14
1073 1 16
1074 6 13
1075 7 12
1076 2 20
1077 2 27
1078 1 2
1078 9 11
1079 7 33
1079 8 14
1080 1 11
1080 9 4
1081 3 5
1081 7 7
1082 3 17
1083 4 15
1084 1 3
1084 6 13
1084 8 12
1084 10 7
1085 9 11
1086 6 2
1086 7 12
1087 1 41
1088 2 27
1089 2 12
1090 2 20
1091 1 38
1091 10 36
1092 1 4
1092 9 6
1092 10 15
1093 7 14
1094 2 11
1094 6 3
1094 7 20
1095 7 15
1096 1 7
1096 2 19
1096 10 35
1097 3 11
1098 8 74
1099 7 22
1100 9 31
1101 9 15
1102 9 24
1103 1 1
1103 10 29
1104 6 17
1105 3 10
1106 7 19
1107 2 20
1108 2 11
1108 5 12
1109 10 13
1110 10 41
1111 10 10
1112 5 13
1113 5 22
1113 10 21
1114 6 14
1115 1 1
1115 3 3
1115 6 18
1116 10 24
1117 3 10
1118 1 46
1118 2 13
1118 9 2
1119 1 25
1119 2 9
1119 3 1
1119 10 39
1120 10 11
1121 2 32
1121 6 4
1122 5 4
1122 10 17
1123 2 1
1123 4 45
1123 8 13
1124 2 16
1124 6 52
1125 2 26
1126 2 9
1126 7 8
1126 10 19
1127 4 109
1128 7 11
1129 1 13
1129 2 16
1130 1 17
1130 7 8
1131 1 19
1131 7 2
1132 1 11
1133 2 26
1133 5 19
1133 7 12
1134 5 17
1135 4 78
1135 9 30
1136 2 12
1136 4 1
1136 7 3
1137 9 12
1138 10 13
1139 10 18
1140 4 25
1140 6 31
1141 7 18
1142 6 12
1142 9 1
1143 9 11
1144 3 31
1144 5 26
1145 6 32
1145 7 7
1146 7 11
1147 6 6
1147 7 6
1148 3 13
1149 5 26
1149 7 42
1150 7 14
1151 2 12
1151 9 16
1152 2 9
1152 9 2
1153 4 30
1153 9 14
1154 7 6
1154 9 4
1155 3 21
1155 9 16
1155 10 24
1156 7 1
1156 10 19
1157 3 9
1157 10 26
1158 1 16
1158 9 1
1159 5 17
1159 10 17
1160 9 22
1161 5 13
1162 4 20
1162 6 3
1163 7 22
1164 4 72
1164 6 26
1164 9 11
1165 1 15
1165 5 13
1166 1 16
1166 8 20
1167 1 5
1167 5 19
1167 7 21
1167 10 14
1168 7 20
1169 7 18
1170 7 32
1171 4 22
1172 3 7
1172 4 40
1172 8 17
1173 1 103
1173 3 1
1173 6 10
1174 6 21
1175 7 8
1175 10 26
1176 2 2
1176 4 20
1176 7 2
1177 5 16
1177 6 26
1178 6 16
1179 7 11
1180 4 14
1181 3 13
1182 7 10
1183 2 1
1183 10 12
1184 8 16
1184 10 11
1185 5 23
1185 6 1
1185 9 17
1186 5 11
1186 9 5
1187 4 56
1187 5 7
1187 8 30
1188 2 1
1188 6 15
1189 10 30
1190 3 13
1190 4 39
1190 7 1
1191 3 27
1192 6 12
1193 4 3
1193 8 13
1194 6 17
1194 7 27
1195 9 23
1196 9 10
1197 5 20
1197 9 5
1198 1 10
1199 9 25
1200 6 36
1201 8 37
1202 3 31
1202 10 35
1203 9 69
1204 6 18
1205 9 16
1206 3 11
1207 2 16
1208 2 19
1209 8 25
1210 5 26
1211 4 25
1211 6 21
1212 7 28
1213 4 21
1214 5 45
1215 6 49
1216 6 24
1216 7 8
1216 8 28
1216 9 1
1217 3 11
1218 2 11
1219 7 4
1219 9 8
1220 6 31
1221 5 15
1222 1 22
1223 1 32
1224 10 15
1225 5 43
1225 6 3
1226 3 11
1227 2 17
1228 6 16
1229 1 19
1230 7 19
1231 5 14
1232 3 39
1233 3 3
1233 7 19
1234 7 29
1234 9 1
1234 10 14
1235 9 10
1236 5 13
1237 5 8
1237 6 16
1238 3 93
1238 8 31
1239 3 10
1240 3 11
1241 10 16
1242 7 26
1243 10 14
1244 5 13
1245 2 19
1246 6 38
1246 8 14
1247 8 13
1248 5 14
1249 3 186
1249 6 1
1249 9 26
1250 8 4
1250 10 18
1251 5 62
1251 6 4
1251 7 56
1251 10 56
1252 1 24
1253 9 36
1254 2 21
1255 1 1
1255 8 33
1256 10 10
1257 1 2
1257 3 6
1257 5 11
1258 5 8
1258 7 19
1259 1 22
1260 1 16
1261 7 12
1262 6 10
1263 3 10
1264 2 24
1264 5 11
1265 10 26
1266 10 12
1267 3 38
1267 6 9
1268 7 11
1269 8 52
1270 6 44
1270 7 20
1270 8 22
1271 8 7
1271 9 9
1272 1 38
1272 5 52
1272 9 34
1273 9 10
1274 2 3
1274 9 10
1275 5 56
1276 9 36
1277 1 39
1278 5 23
1279 7 2
1279 9 13
1280 7 7
1280 9 3
1281 5 5
1281 7 30
1281 9 35
1282 9 90
1283 10 17
1284 4 19
1285 10 14
1286 3 20
1286 10 7
1287 5 10
1288 3 15
1289 10 21
1290 10 13
1291 3 22
1292 2 10
1292 5 5
1293 10 10
1294 8 22
1295 7 30
1296 1 20
1297 6 11
1298 2 79
1298 8 76
1299 6 119
1299 7 35
1300 7 5
1300 10 8
1301 5 22
1302 8 15
1303 7 33
1304 1 4
1304 10 37
1305 7 12
1305 8 2
1306 4 27
1306 6 24
1306 7 33
1307 4 31
1307 9 6
1308 4 14
1309 5 14
1310 4 22
1311 5 18
1312 9 13
1313 3 12
1313 4 25
1313 9 6
1313 10 31
1314 9 42
1315 4 11
1316 4 36
1317 7 17
1318 4 20
1319 3 84
1319 5 47
1319 7 21
1320 4 12
1321 6 18
1322 6 14
1323 8 14
1323 9 11
1324 6 13
1325 8 16
1326 10 33
1327 2 13
1328 4 6
1328 8 7
1329 3 7
1329 6 1
1329 8 8
1330 6 7
1330 9 9
1331 6 19
1332 8 41
1333 4 16
1333 9 14
1333 10 60
1334 9 182
1335 2 11
1336 3 11
1337 8 13
1338 2 7
1338 8 9
1339 9 9
1339 10 1
1340 2 11
1341 9 14
1342 7 29
1343 7 35
1344 4 23
1344 10 11
1345 3 15
1345 8 13
1346 5 5
1346 9 9
1347 6 39
1347 9 29
1348 3 3
1348 5 46
1349 4 2
1349 8 10
1350 2 14
1350 5 41
1350 8 75
1351 2 10
1352 6 9
1352 8 3
1353 2 12
1354 10 12
1355 5 10
1356 7 41
1356 9 14
1357 3 6
1357 6 7
1358 1 9
1358 4 9
1358 5 19
1359 5 15
1360 2 18
1360 10 4
1361 8 45
1362 6 11
1363 1 19
1363 9 1
1364 9 45
1365 5 42
1366 1 17
1366 6 23
1367 3 10
1368 1 8
1368 6 5
1368 8 11
1369 3 14
1370 7 12
1371 4 10
1372 2 19
1373 4 11
1374 8 10
1375 7 78
1376 9 21
1377 3 15
1378 4 10
1379 9 18
1380 3 10
1380 7 13
1381 2 30
1382 4 23
1383 9 17
1384 3 11
1385 7 20
1386 1 26
1387 3 23
1388 1 36
1388 2 24
1388 3 4
1388 5 27
1388 8 17
1389 4 16
1390 3 39
1391 3 70
1391 6 29
1392 7 19
1392 10 8
1393 8 25
1394 5 18
1395 7 17
1396 4 15
1397 2 26
1397 4 27
1397 8 41
1397 9 20
1398 4 12
1399 7 52
1400 1 33
1400 3 10
1401 1 29
1401 4 1
1402 1 6
1402 5 1
1402 9 4
1403 9 11
1404 3 24
1404 4 1
1405 2 17
1405 6 106
1406 3 18
1407 6 17
1407 10 2
1408 3 5
1408 9 6
1409 3 4
1409 9 9
1410 10 38
1411 4 17
1411 10 2
1412 2 16
1412 3 14
1413 10 25
1414 1 10
1415 7 5
1415 9 6
1416 10 10
1417 4 10
1418 3 20
1418 4 28
1419 2 11
1420 7 11
1421 7 12
1422 7 3
1422 10 25
1423 2 21
1423 6 2
1424 5 1
1424 9 40
1425 3 4
1425 10 12
1426 9 27
1427 2 11
1428 7 22
1429 1 12
1430 2 8
1430 5 5
1431 8 11
1432 7 11
1433 7 10
1434 3 24
1434 5 23
1434 8 25
1434 9 5
1435 2 22
1435 3 5
1436 10 20
1437 5 44
1437 6 12
1437 9 28
1438 2 17
1439 5 15
1440 8 15
1441 9 12
1442 8 45
1443 7 149
1444 7 61
1445 7 227
1446 7 29
1447 4 39
1447 7 12
1448 6 10
1449 3 16
1449 10 3
1450 9 10
1451 1 35
1451 4 82
1451 8 8
1452 2 10
1453 3 85
1454 2 18
1454 9 6
1455 6 34
1456 2 54
1456 6 71
1457 2 8
1457 6 22
1458 6 19
1459 5 11
1460 4 9
1460 9 1
1461 3 10
1461 5 8
1462 3 15
1462 10 5
1463 3 9
1463 10 6
1464 10 19
1465 9 14
1466 8 1
1466 10 18
1467 1 21
1467 2 13
1468 5 11
1469 10 35
1470 4 23
1470 6 22
1471 3 2
1471 7 14
1472 2 37
1472 8 78
1472 9 52
1473 2 8
1473 4 10
1474 7 41
1475 10 10
1476 5 14
1477 2 12
1478 8 15
1479 8 14
1480 2 10
1481 1 15
1482 8 8
1482 9 2
1483 5 15
1484 2 3
1484 10 9
1485 9 19
1486 6 11
1487 2 10
1488 3 18
1488 6 147
1489 6 43
1490 9 20
1490 10 16
1491 6 10
1492 1 23
1493 1 1
1493 3 16
1493 9 5
1494 4 10
1494 9 11
1495 3 5
1495 9 12
1496 6 20
1497 6 35
1498 9 33
1499 4 4
1499 7 6
1499 10 1
1500 6 2
1500 9 11
1501 2 12
1501 10 13
1502 8 29
1503 1 14
1504 4 24
1505 4 8
1505 8 235
1506 6 33
1507 6 12
1508 2 19
1509 1 18
1509 7 4
1510 10 30
1511 6 17
1511 9 14
1511 10 49
1512 8 20
1513 6 36
1514 6 10
1515 5 10
1516 1 10
1517 5 11
1518 6 4
1518 7 10
1519 1 8
1519 3 2
1520 4 16
1520 9 4
1521 2 14
1521 5 27
1521 6 43
1522 9 11
1522 10 6
1523 1 10
1524 4 5
1524 10 11
1525 5 3
1525 9 10
1526 1 14
1527 6 10
1528 1 42
1528 2 10
1528 6 18
1528 8 6
1529 9 150
1530 6 14
1530 9 1
1531 10 17
1532 6 12
1532 7 37
1533 7 81
1534 1 3
1534 3 7
1535 2 18
1535 6 65
1536 1 8
1536 4 2
1537 6 3
1537 8 30
1538 2 7
1538 5 13
1539 1 1
1539 7 12
1540 2 9
1540 6 35
1541 2 12
1542 10 16
1543 4 16
1544 1 8
1544 10 7
1545 3 13
1546 1 23
1546 2 4
1547 1 24
1548 6 14
1549 1 33
1550 10 10
1551 4 13
1552 6 11
1553 7 18
1554 10 12
1555 6 21
1556 4 14
1556 9 7
1557 4 25
1558 7 15
1559 2 1
1559 6 17
1559 7 9
1560 5 19
1561 10 10
1562 1 20
1562 8 1
1563 1 31
1563 8 4
1564 1 43
1564 2 9
1564 8 14
1565 1 12
1565 2 5
1566 2 6
1566 7 22
1567 2 7
1567 9 27
1568 7 12
1569 10 18
1570 10 14
1571 7 42
1572 10 10
1573 2 15
1573 3 3
1573 6 28
1574 4 4
1574 7 8
1574 9 16
1575 1 27
1575 7 64
1575 9 6
1576 3 10
1577 4 46
1578 10 13
1579 3 12
1580 6 27
1581 4 7
1581 5 7
1582 2 18
1582 5 13
1583 3 8
1583 7 11
1584 8 38
1585 6 10
1586 10 11
1587 9 21
1588 2 13
1588 10 5
1589 3 13
1590 6 34
1590 10 16
1591 2 10
1592 6 11
1593 1 33
1593 3 8
1594 4 10
1595 10 11
1596 2 5
1596 3 5
1597 9 12
1598 7 10
1599 7 10
1600 8 65
1600 10 18
1601 8 89
1602 10 31
1603 2 21
1603 4 5
1604 2 15
1605 6 54
1606 6 10
1606 9 1
1607 2 8
1607 8 16
1608 3 19
1609 9 10
1610 4 22
1611 2 11
1612 2 10
1613 1 23
1613 3 3
1614 3 5
1614 10 6
1615 2 10
1615 4 18
1615 8 20
1616 8 10
1617 8 15
1618 3 1
1618 10 16
1619 6 13
1620 4 57
1621 3 10
1621 7 5
1622 7 10
1623 3 11
1624 9 47
1625 2 19
1626 7 13
1627 9 13
1628 4 11
1628 5 14
1629 8 6
1629 9 7
1630 3 3
1630 7 10
1631 7 12
1632 1 23
1632 9 5
1633 5 13
1634 10 10
1635 5 18
1636 10 10
1637 5 13
1638 2 10
1639 2 13
1639 7 5
1640 5 18
1641 1 15
1641 4 19
1642 4 28
1643 5 15
1644 1 15
1645 2 10
1645 6 8
1645 9 4
1646 8 11
1647 5 5
1647 8 12
1648 8 14
1649 3 14
1650 7 17
1651 1 20
1651 3 26
1651 6 10
1652 9 12
1653 1 22
1653 7 12
1654 2 5
1654 4 32
1654 7 1
1654 9 1
1655 7 9
1655 8 7
1656 2 27
1657 9 3
1657 10 13
1658 3 4
1658 4 6
1659 4 6
1659 7 93
1659 9 17
1660 6 13
1661 6 1
1661 7 48
1661 8 24
1662 7 16
1663 7 10
1664 8 3
1664 9 136
1665 9 125
1666 2 54
1667 7 15
1668 7 13
1668 8 21
1669 10 19
1670 4 18
1671 3 10
1671 10 19
1672 4 29
1672 5 21
1673 4 10
1674 7 11
1675 7 1
1675 8 19
1675 9 2
1676 5 39
1676 8 106
1676 9 32
1677 10 12
1678 1 23
1679 2 56
1679 5 5
1679 6 97
1679 7 90
1680 2 25
1680 4 12
1681 3 3
1681 10 9
1682 3 17
1683 6 13
1684 5 11
1684 9 12
1685 2 16
1685 9 2
1686 10 10
1687 1 89
1688 3 8
1688 6 6
1689 1 12
1690 7 26
1691 7 19
1692 6 11
1693 7 11
1694 4 15
1695 3 19
1696 3 11
1697 4 6
1697 9 5
1698 7 241
1699 1 24
1700 4 21
1701 2 4
1701 10 19
1702 8 19
1703 1 10
1704 8 10
1705 5 38
1705 8 23
1706 6 10
1707 10 21
1708 3 7
1708 6 8
1709 2 16
1710 5 20
1710 9 14
1710 10 26
1711 2 11
1712 6 10
1713 10 12
1714 3 15
1715 7 19
1716 6 29
1717 6 12
1718 10 12
1719 7 11
1720 1 23
1720 5 2
1720 7 10
1721 3 2
1721 10 26
1722 10 10
1723 2 3
1723 10 9
1724 4 41
1725 4 10
1726 10 18
1727 9 108
1728 6 26
1729 1 1
1729 10 9
1730 1 11
1731 3 38
1731 6 32
1731 7 26
1732 3 5
1732 5 1
1732 9 9
1733 2 13
1733 6 6
1734 3 14
1735 2 16
1735 6 2
1736 6 12
1737 3 10
1738 2 10
1739 7 10
1740 1 17
1740 10 18
1741 3 4
1741 8 24
1742 1 1
1742 4 41
1743 5 11
1744 3 53
1744 4 24
1744 10 18
1745 1 14
1745 8 20
1745 9 2
1746 5 11
1747 6 16
1748 8 36
1749 5 33
1749 6 2
1750 6 14
1751 3 13
1751 7 31
1752 4 22
1753 3 6
1753 6 2
1753 8 8
1754 8 32
1755 7 13
1756 5 12
1757 1 18
1758 10 10
1759 2 29
1760 6 20
1761 3 10
1762 3 12
1763 1 26
1764 10 10
1765 10 13
1766 3 16
1767 5 53
1768 6 1
1768 8 13
1769 4 20
1769 8 13
1770 5 5
1770 6 14
1771 3 10
1772 1 13
1773 5 22
1774 2 13
1775 3 11
1776 6 13
1777 8 12
1777 9 2
1778 5 63
1779 5 10
1780 1 67
1781 2 1
1781 8 9
1782 5 11
1783 9 10
1784 7 11
1785 2 23
1785 8 16
1786 10 11
1787 2 20
1787 9 5
1788 8 11
1789 1 16
1790 1 1
1790 5 23
1791 1 25
1791 3 8
1792 3 17
1793 1 21
1793 10 11
1794 9 4
1794 10 6
1795 1 15
1795 3 6
1795 7 3
1796 5 15
1797 3 10
1798 1 22
1799 5 12
1800 1 32
1800 3 6
1801 3 10
1801 10 20
1802 5 2
1802 9 30
1803 7 14
1804 2 3
1804 5 25
1805 10 11
1806 10 14
1807 2 7
1807 3 18
1807 7 12
1807 9 20
1808 5 10
1809 3 12
1810 3 15
1811 3 12
1812 1 13
1812 4 1
1813 7 11
1814 5 21
1814 6 11
1815 6 28
1816 3 21
1816 4 3
1816 7 1
1816 8 71
1817 5 12
1818 5 5
1818 8 8
1819 3 5
1819 8 6
1820 7 30
1820 9 31
1820 10 65
1821 4 10
1821 9 16
1822 10 14
1823 4 25
1824 7 13
1825 6 10
1826 3 142
1827 7 17
1827 9 1
1828 4 19
1829 3 17
1829 6 6
1830 6 37
1830 9 3
1831 8 16
1831 10 13
1832 1 5
1832 6 11
1833 7 13
1834 4 12
1835 4 87
1835 10 8
1836 1 57
1836 9 7
1837 1 18
1837 2 4
1837 7 17
1837 10 7
1838 7 11
1839 6 1
1839 7 15
1839 8 14
1840 1 5
1840 2 7
1840 6 12
1841 2 5
1841 6 56
1841 8 62
1842 5 19
1842 10 8
1843 6 4
1843 10 15
1844 1 30
1844 2 7
1845 5 11
1846 9 12
1847 4 14
1848 3 8
1848 9 16
1849 2 13
1849 4 23
1850 4 24
1851 2 1
1851 6 2
1851 9 74
1852 5 10
1853 1 24
1854 1 2
1854 4 5
1854 6 3
1855 3 15
1856 9 69
1857 5 12
1858 1 43
1858 9 78
1858 10 1
1859 7 19
1860 7 11
1861 3 54
1861 5 19
1862 2 28
1862 6 27
1863 3 13
1864 3 15
1865 5 10
1866 10 20
1867 9 14
1867 10 21
1868 1 3
1868 10 12
1869 2 12
1870 4 6
1870 8 21
1871 9 12
1872 4 10
1872 7 1
1873 4 11
1874 7 10
1874 9 8
1875 2 22
1876 9 10
1877 3 34
1878 7 23
1878 9 23
1879 7 11
1880 3 11
1881 6 42
1882 1 5
1882 2 11
1883 3 10
1883 6 5
1884 1 34
1885 1 13
1886 6 12
1887 2 8
1887 4 4
1888 10 10
1889 9 10
1890 10 16
1891 9 12
1891 10 6
1892 5 20
1893 6 1
1893 7 15
1894 1 3
1894 8 10
1895 1 13
1896 8 18
1897 7 12
1898 2 12
1898 8 202
1899 2 7
1899 3 7
1900 7 19
1901 2 14
1901 4 5
1902 5 19
1902 7 25
1903 7 16
1904 1 38
1904 4 11
1904 6 8
1905 6 21
1906 4 21
1907 2 18
1908 6 18
1909 3 12
1910 1 4
1910 3 8
1911 4 39
1911 7 268
1912 7 15
1913 4 36
1914 6 1
1914 8 10
1915 8 45
1916 8 11
1917 3 45
1917 6 10
1918 10 41
1919 8 14
1920 8 13
1921 1 9
1921 9 3
1922 2 12
1923 6 4
1923 9 7
1924 4 12
1925 2 9
1925 9 2
1926 6 40
1927 3 13
1928 2 9
1928 3 27
1928 9 1
1929 8 19
1929 10 13
1930 8 10
1931 7 78
1932 9 11
1933 1 136
1933 5 10
1934 1 110
1934 4 34
1934 7 3
1935 3 6
1935 7 11
1936 2 2
1936 7 18
1936 10 8
1937 3 48
1937 7 36
1938 3 66
1938 6 2
1939 3 26
1940 5 1
1940 7 22
1941 1 28
1941 8 2
1942 3 15
1943 1 16
1944 9 12
1945 4 10
1946 3 6
1946 7 16
1947 2 4
1947 4 7
1947 7 4
1948 3 173
1948 9 119
1949 3 13
1950 10 10
1951 7 11
1952 7 19
1953 2 33
1953 7 12
1953 9 30
1954 4 10
1955 8 13
1956 1 74
1957 4 1
1957 7 15
1957 8 2
1957 10 18
1958 1 25
1959 3 12
1960 3 1
1960 10 9
1961 2 20
1961 7 52
1962 1 43
1962 4 13
1962 7 10
1962 8 9
1963 2 10
1964 6 6
1964 7 22
1965 7 29
1966 2 12
1966 4 18
1966 7 1
1967 5 16
1968 5 14
1969 3 27
1969 10 22
1970 2 15
1971 7 38
1971 8 14
1972 4 18
1972 10 13
1973 4 10
1974 6 4
1974 9 19
1975 4 1
1975 5 20
1975 6 9
1976 6 10
1976 10 2
1977 8 50
1978 1 6
1978 3 5
1979 5 2
1979 8 18
1980 7 8
1980 10 3
1981 4 18
1982 8 14
1983 5 20
1984 3 18
1985 3 11
1986 6 12
1987 10 17
1988 1 33
1989 3 30
1990 9 27
1991 9 30
1992 8 4
1992 10 16
1993 5 10
1994 4 27
1994 6 8
1995 2 11
1995 6 4
1996 6 14
1997 4 25
1998 1 6
1998 9 11
1999 1 14
1999 2 14
2000 3 5
2000 4 38
2001 7 16
2001 10 7
2002 3 16
2002 4 20
2002 6 38
2003 1 10
2003 2 17
2003 3 23
2003 7 11
2003 8 16
2004 10 14
2005 2 60
2006 9 50
2007 1 6
2007 4 2
2007 9 5
2007 10 10
2008 6 37
2009 2 12
2010 8 66
2010 10 24
2011 2 28
2011 6 24
2012 7 11
2013 10 11
2014 8 14
2015 3 10
2015 10 2
2016 5 11
2017 5 15
2017 9 1
2018 10 12
2019 1 9
2019 2 19
2020 3 19
2021 2 3
2021 8 8
2022 3 10
2023 7 20
2024 6 27
2025 4 48
2025 7 1
2026 2 10
2027 7 12
2028 6 24
2028 7 29
2028 9 1
2029 3 11
2030 6 38
2031 2 12
2032 2 24
2033 7 35
2034 4 5
2034 8 6
2035 2 10
2036 9 15
2036 10 13
2037 5 10
2038 9 17
2039 6 12
2040 3 8
2040 6 2
2040 9 4
2041 6 27
2042 6 48
2043 3 15
2043 9 1
2044 1 11
2045 3 20
2046 1 11
2046 3 12
2047 10 31
2048 7 17
2049 6 67
2049 7 63
2050 3 32
2050 7 26
2051 2 79
2051 9 30
2051 10 33
2052 8 10
2053 6 2
2053 8 7
2053 9 1
2054 10 10
2055 4 29
2056 3 32
2056 4 8
2056 7 1
2056 8 42
2056 9 23
2057 1 31
2058 9 17
2058 10 23
2059 3 16
2060 3 33
2060 9 1
2061 5 23
2062 1 11
2062 7 2
2063 4 11
2064 5 28
2064 9 15
2065 5 42
2066 5 1
2066 7 15
2067 4 122
2067 6 65
2068 8 35
2069 9 10
2069 10 3
2070 3 12
2071 7 7
2071 8 5
2072 2 6
2072 3 2
2072 4 24
2072 9 16
2073 2 21
2073 3 13
2074 3 57
2074 8 15
2075 7 26
2076 5 5
2076 10 13
2077 8 9
2077 9 2
2078 9 13
2079 1 38
2079 3 3
2080 4 15
2081 4 37
2081 6 6
2082 6 21
2082 7 80
2083 5 18
2084 3 25
2084 10 1
2085 7 13
2086 4 30
2087 6 7
2087 7 35
2088 2 8
2088 8 10
2089 7 7
2089 8 4
2090 6 10
2091 10 26
2092 10 40
2093 7 80
2093 8 16
2094 2 9
2094 7 8
2095 4 22
2096 3 28
2097 4 19
2097 6 32
2098 9 11
2099 1 36
2100 3 10
2100 6 18
2101 1 20
2101 8 28
2102 5 2
2102 8 18
2103 1 2
2103 3 10
2104 6 19
2105 7 14
2105 8 8
2106 1 6
2106 4 15
2106 9 8
2107 3 5
2107 4 12
2108 10 17
2109 2 10
2110 10 26
2111 4 12
2111 10 5
2112 4 16
2112 7 7
2113 1 17
2113 2 40
2114 3 10
2115 1 36
2116 1 16
2117 1 12
2118 1 11
2119 1 20
2120 1 19
2121 8 225
2121 9 52
2122 7 104
2123 9 130
2124 1 11
2124 3 9
2125 5 115
2125 9 161
2126 1 26
2126 10 50
2127 2 3
2127 9 9
2127 10 1
2128 4 28
2129 3 6
2129 4 9
2129 8 13
2130 3 10
